runname	qtd_electrons_perparticle	qtd_electrons_energy	qtd_electrons_final
22nm_alpha_0.01MeV_0_a	0.0	0.5854938333333334	0.5854938333333334
22nm_alpha_0.01MeV_0_b	0.0	0.5854938333333334	0.5854938333333334
22nm_alpha_0.01MeV_0_c	0.0	2.274549495833333	2.274549495833333
22nm_alpha_0.01MeV_135_a	0.0	190.31941234441737	190.31941234441737
22nm_alpha_0.01MeV_135_b	0.0	55.482976085500034	55.482976085500034
22nm_alpha_0.01MeV_135_c	0.0	7.706832130111106	7.706832130111106
22nm_alpha_0.01MeV_180_a	0.0	0.0	0.0
22nm_alpha_0.01MeV_180_b	0.0	0.0	0.0
22nm_alpha_0.01MeV_180_c	0.0	0.0	0.0
22nm_alpha_0.01MeV_45_a	0.0	411.53217496355484	411.53217496355484
22nm_alpha_0.01MeV_45_b	0.0	1.295787705555555	1.295787705555555
22nm_alpha_0.01MeV_45_c	0.0	0.40874304083333335	0.40874304083333335
22nm_alpha_0.01MeV_90_a	0.0	297.16612482099987	297.16612482099987
22nm_alpha_0.01MeV_90_b	0.0	9.810967143888904	9.810967143888904
22nm_alpha_0.01MeV_90_c	0.0	0.25408925	0.25408925
22nm_alpha_0.05MeV_0_a	0.0	507.18645507305575	507.18645507305575
22nm_alpha_0.05MeV_0_b	0.0	507.2127472952783	507.2127472952783
22nm_alpha_0.05MeV_0_c	0.0	0.18914944444444445	0.18914944444444445
22nm_alpha_0.05MeV_135_a	0.0	1181.7957287862196	1181.7957287862196
22nm_alpha_0.05MeV_135_b	0.0	385.50631983583423	385.50631983583423
22nm_alpha_0.05MeV_135_c	0.0	0.6421727907777778	0.6421727907777778
22nm_alpha_0.05MeV_180_a	0.0	1.4490281433333332	1.4490281433333332
22nm_alpha_0.05MeV_180_b	0.0	1.4490281433333334	1.4490281433333334
22nm_alpha_0.05MeV_180_c	0.0	0.9901921277777775	0.9901921277777775
22nm_alpha_0.05MeV_45_a	0.0	1355.2652784894694	1355.2652784894694
22nm_alpha_0.05MeV_45_b	0.0	307.6846593496332	307.6846593496332
22nm_alpha_0.05MeV_45_c	0.0	0.0	0.0
22nm_alpha_0.05MeV_90_a	0.0	948.9813658416685	948.9813658416685
22nm_alpha_0.05MeV_90_b	0.0	255.4457054855562	255.4457054855562
22nm_alpha_0.05MeV_90_c	0.0	0.0	0.0
22nm_alpha_0.1MeV_0_a	0.0	1315.8921077446366	1315.8921077446366
22nm_alpha_0.1MeV_0_b	0.0	1315.6698694113036	1315.6698694113036
22nm_alpha_0.1MeV_0_c	0.0	0.0	0.0
22nm_alpha_0.1MeV_135_a	0.0	1971.6286132333291	1971.6286132333291
22nm_alpha_0.1MeV_135_b	0.0	596.1249100435001	596.1249100435001
22nm_alpha_0.1MeV_135_c	0.0	0.2716327222222222	0.2716327222222222
22nm_alpha_0.1MeV_180_a	0.0	29.106652239055556	29.106652239055556
22nm_alpha_0.1MeV_180_b	0.0	29.106652239055563	29.106652239055563
22nm_alpha_0.1MeV_180_c	0.0	19.894109529805544	19.894109529805544
22nm_alpha_0.1MeV_45_a	0.0	2073.427628023977	2073.427628023977
22nm_alpha_0.1MeV_45_b	0.0	535.5763887680263	535.5763887680263
22nm_alpha_0.1MeV_45_c	0.0	0.0	0.0
22nm_alpha_0.1MeV_90_a	0.0	1456.1513071805489	1456.1513071805489
22nm_alpha_0.1MeV_90_b	0.0	412.97676421388877	412.97676421388877
22nm_alpha_0.1MeV_90_c	0.0	0.0	0.0
22nm_mu-_0.01MeV_0_a	0.0749	48.350264403013895	48.425164403013895
22nm_mu-_0.01MeV_0_b	0.0749	48.350264403013895	48.425164403013895
22nm_mu-_0.01MeV_0_c	0.0184	10.575762746033327	10.594162746033327
22nm_mu-_0.01MeV_135_a	0.6238	591.3198916270039	591.9436916270039
22nm_mu-_0.01MeV_135_b	0.6222	240.13425224704443	240.75645224704442
22nm_mu-_0.01MeV_135_c	0.0804	38.255708567163175	38.33610856716317
22nm_mu-_0.01MeV_180_a	0.0001	1.8043829125000002	1.8044829125000001
22nm_mu-_0.01MeV_180_b	0.0001	1.8043829125000002	1.8044829125000001
22nm_mu-_0.01MeV_180_c	0.0002	0.006230719722222222	0.006430719722222222
22nm_mu-_0.01MeV_45_a	0.3103	649.8222442584871	650.1325442584871
22nm_mu-_0.01MeV_45_b	0.162	86.43515830609546	86.59715830609547
22nm_mu-_0.01MeV_45_c	0.0029	1.7912096236438892	1.7941096236438892
22nm_mu-_0.01MeV_90_a	0.4023	586.8798506038136	587.2821506038135
22nm_mu-_0.01MeV_90_b	0.3795	246.51078872317692	246.89028872317692
22nm_mu-_0.01MeV_90_c	0.0016	0.2827656977777778	0.2843656977777778
22nm_mu-_0.05MeV_0_a	0.0	429.3857111022222	429.3857111022222
22nm_mu-_0.05MeV_0_b	0.0	429.34295971333324	429.34295971333324
22nm_mu-_0.05MeV_0_c	0.0	0.015102222222222223	0.015102222222222223
22nm_mu-_0.05MeV_135_a	0.0	495.1691557161096	495.1691557161096
22nm_mu-_0.05MeV_135_b	0.0	173.10673650745778	173.10673650745778
22nm_mu-_0.05MeV_135_c	0.0	0.028079875000000004	0.028079875000000004
22nm_mu-_0.05MeV_180_a	0.0024	7.031136793111116	7.033536793111116
22nm_mu-_0.05MeV_180_b	0.0024	7.031136793111116	7.033536793111116
22nm_mu-_0.05MeV_180_c	0.0016	5.109880504027781	5.111480504027781
22nm_mu-_0.05MeV_45_a	0.0	519.704497000556	519.704497000556
22nm_mu-_0.05MeV_45_b	0.0003	183.72507070249927	183.72537070249928
22nm_mu-_0.05MeV_45_c	0.0	0.005263027777777777	0.005263027777777777
22nm_mu-_0.05MeV_90_a	0.0	370.3355529777771	370.3355529777771
22nm_mu-_0.05MeV_90_b	0.0	124.18792788397242	124.18792788397242
22nm_mu-_0.05MeV_90_c	0.0	0.0	0.0
22nm_mu-_0.1MeV_0_a	0.2515	312.57292243894193	312.82442243894195
22nm_mu-_0.1MeV_0_b	0.2515	312.5729224389419	312.8244224389419
22nm_mu-_0.1MeV_0_c	0.0057	0.301103379472222	0.30680337947222197
22nm_mu-_0.1MeV_135_a	0.2133	339.900865181239	340.114165181239
22nm_mu-_0.1MeV_135_b	0.1908	117.28496893697637	117.47576893697637
22nm_mu-_0.1MeV_135_c	0.0049	0.3832126072958334	0.3881126072958334
22nm_mu-_0.1MeV_180_a	0.0442	39.712458519836055	39.75665851983605
22nm_mu-_0.1MeV_180_b	0.0442	39.743388519836046	39.78758851983604
22nm_mu-_0.1MeV_180_c	0.0155	10.030077745844455	10.045577745844454
22nm_mu-_0.1MeV_45_a	0.2086	335.7886828142147	335.9972828142147
22nm_mu-_0.1MeV_45_b	0.1853	119.17518232415426	119.36048232415426
22nm_mu-_0.1MeV_45_c	0.0013	0.06793026019444444	0.06923026019444443
22nm_mu-_0.1MeV_90_a	0.1741	239.04420225165376	239.21830225165377
22nm_mu-_0.1MeV_90_b	0.1487	82.3544675385525	82.5031675385525
22nm_mu-_0.1MeV_90_c	0.0005	0.031077554805555557	0.031577554805555554
22nm_muplus_0.01MeV_0_a	0.0002	0.04946477201944445	0.04966477201944445
22nm_muplus_0.01MeV_0_b	0.0002	0.04946477201944445	0.04966477201944445
22nm_muplus_0.01MeV_0_c	0.0	1.7422316367250006	1.7422316367250006
22nm_muplus_0.01MeV_135_a	0.0	262.61369419957845	262.61369419957845
22nm_muplus_0.01MeV_135_b	0.0003	35.829176750066644	35.82947675006665
22nm_muplus_0.01MeV_135_c	0.0	5.664423369863894	5.664423369863894
22nm_muplus_0.01MeV_180_a	0.0	0.00046126611111111114	0.00046126611111111114
22nm_muplus_0.01MeV_180_b	0.0	0.00046126611111111114	0.00046126611111111114
22nm_muplus_0.01MeV_180_c	0.0	0.0	0.0
22nm_muplus_0.01MeV_45_a	0.0001	518.020187194437	518.020287194437
22nm_muplus_0.01MeV_45_b	0.0002	0.0884339955547224	0.0886339955547224
22nm_muplus_0.01MeV_45_c	0.0	0.23788422805555556	0.23788422805555556
22nm_muplus_0.01MeV_90_a	0.0004	369.937530606067	369.937930606067
22nm_muplus_0.01MeV_90_b	0.0002	0.8811321381340564	0.8813321381340564
22nm_muplus_0.01MeV_90_c	0.0	0.19040192416666665	0.19040192416666665
22nm_muplus_0.05MeV_0_a	0.0	833.65413563389	833.65413563389
22nm_muplus_0.05MeV_0_b	0.0	833.6541356338898	833.6541356338898
22nm_muplus_0.05MeV_0_c	0.0	0.0	0.0
22nm_muplus_0.05MeV_135_a	0.0	1235.8058479944411	1235.8058479944411
22nm_muplus_0.05MeV_135_b	0.0	394.3221376638887	394.3221376638887
22nm_muplus_0.05MeV_135_c	0.0	0.17083500000000001	0.17083500000000001
22nm_muplus_0.05MeV_180_a	0.0	6.595136343305557	6.595136343305557
22nm_muplus_0.05MeV_180_b	0.0	6.5951363433055565	6.5951363433055565
22nm_muplus_0.05MeV_180_c	0.0	4.837307543245281	4.837307543245281
22nm_muplus_0.05MeV_45_a	0.0	1282.6138924547129	1282.6138924547129
22nm_muplus_0.05MeV_45_b	0.0	370.8213388138884	370.8213388138884
22nm_muplus_0.05MeV_45_c	0.0	0.0	0.0
22nm_muplus_0.05MeV_90_a	0.0	907.5439765277746	907.5439765277746
22nm_muplus_0.05MeV_90_b	0.0	270.2611647055569	270.2611647055569
22nm_muplus_0.05MeV_90_c	0.0	0.0	0.0
22nm_muplus_0.1MeV_0_a	0.2071	1084.229908353906	1084.437008353906
22nm_muplus_0.1MeV_0_b	0.2071	1084.094323909462	1084.301423909462
22nm_muplus_0.1MeV_0_c	0.0057	0.48473005106944433	0.4904300510694443
22nm_muplus_0.1MeV_135_a	0.2144	1165.9182633674566	1166.1326633674566
22nm_muplus_0.1MeV_135_b	0.1752	379.61564244135036	379.7908424413504
22nm_muplus_0.1MeV_135_c	0.0057	0.38123563894444445	0.38693563894444444
22nm_muplus_0.1MeV_180_a	0.0	120.38246328777774	120.38246328777774
22nm_muplus_0.1MeV_180_b	0.0	120.54646245444435	120.54646245444435
22nm_muplus_0.1MeV_180_c	0.0	33.44500676944447	33.44500676944447
22nm_muplus_0.1MeV_45_a	0.204	1165.1436464131675	1165.3476464131675
22nm_muplus_0.1MeV_45_b	0.1432	391.907694864973	392.050894864973
22nm_muplus_0.1MeV_45_c	0.0014	0.13112569222222223	0.13252569222222224
22nm_muplus_0.1MeV_90_a	0.1742	828.2701142550491	828.4443142550491
22nm_muplus_0.1MeV_90_b	0.1331	274.43550279992587	274.5686027999259
22nm_muplus_0.1MeV_90_c	0.0007	0.046649216136111116	0.047349216136111115
22nm_neutron_0.01MeV_0_a	0.0	0.0	0.0
22nm_neutron_0.01MeV_0_b	0.0	0.0	0.0
22nm_neutron_0.01MeV_0_c	0.0	0.0	0.0
22nm_neutron_0.01MeV_135_a	0.0	0.0	0.0
22nm_neutron_0.01MeV_135_b	0.0	0.0	0.0
22nm_neutron_0.01MeV_135_c	0.0	0.0	0.0
22nm_neutron_0.01MeV_180_a	0.0	0.0	0.0
22nm_neutron_0.01MeV_180_b	0.0	0.0	0.0
22nm_neutron_0.01MeV_180_c	0.0	0.0	0.0
22nm_neutron_0.01MeV_45_a	0.0	0.0	0.0
22nm_neutron_0.01MeV_45_b	0.0	0.0	0.0
22nm_neutron_0.01MeV_45_c	0.0	0.0	0.0
22nm_neutron_0.01MeV_90_a	0.0	0.0	0.0
22nm_neutron_0.01MeV_90_b	0.0	0.0	0.0
22nm_neutron_0.01MeV_90_c	0.0	0.0	0.0
22nm_neutron_0.05MeV_0_a	0.0	0.0	0.0
22nm_neutron_0.05MeV_0_b	0.0	0.0	0.0
22nm_neutron_0.05MeV_0_c	0.0	0.0	0.0
22nm_neutron_0.05MeV_135_a	0.0	0.0	0.0
22nm_neutron_0.05MeV_135_b	0.0	0.0	0.0
22nm_neutron_0.05MeV_135_c	0.0	0.0	0.0
22nm_neutron_0.05MeV_180_a	0.0	0.0	0.0
22nm_neutron_0.05MeV_180_b	0.0	0.0	0.0
22nm_neutron_0.05MeV_180_c	0.0	0.0	0.0
22nm_neutron_0.05MeV_45_a	0.0	0.0	0.0
22nm_neutron_0.05MeV_45_b	0.0	0.0	0.0
22nm_neutron_0.05MeV_45_c	0.0	0.0	0.0
22nm_neutron_0.05MeV_90_a	0.0	0.0	0.0
22nm_neutron_0.05MeV_90_b	0.0	0.0	0.0
22nm_neutron_0.05MeV_90_c	0.0	0.0	0.0
22nm_neutron_0.1MeV_0_a	0.0	0.0	0.0
22nm_neutron_0.1MeV_0_b	0.0	0.0	0.0
22nm_neutron_0.1MeV_0_c	0.0	0.0	0.0
22nm_neutron_0.1MeV_135_a	0.0	0.0	0.0
22nm_neutron_0.1MeV_135_b	0.0	0.0	0.0
22nm_neutron_0.1MeV_135_c	0.0	0.0	0.0
22nm_neutron_0.1MeV_180_a	0.0	0.0	0.0
22nm_neutron_0.1MeV_180_b	0.0	0.0	0.0
22nm_neutron_0.1MeV_180_c	0.0	0.0	0.0
22nm_neutron_0.1MeV_45_a	0.0	0.0	0.0
22nm_neutron_0.1MeV_45_b	0.0	0.0	0.0
22nm_neutron_0.1MeV_45_c	0.0	0.0	0.0
22nm_neutron_0.1MeV_90_a	0.0	0.0	0.0
22nm_neutron_0.1MeV_90_b	0.0	0.0	0.0
22nm_neutron_0.1MeV_90_c	0.0	0.0	0.0
22nm_pi0_0.01MeV_0_a	0.0	0.00018433277777777775	0.00018433277777777775
22nm_pi0_0.01MeV_0_b	0.0	0.00018433277777777775	0.00018433277777777775
22nm_pi0_0.01MeV_0_c	0.0	0.0	0.0
22nm_pi0_0.01MeV_135_a	0.0	0.0	0.0
22nm_pi0_0.01MeV_135_b	0.0	0.0	0.0
22nm_pi0_0.01MeV_135_c	0.0	0.0	0.0
22nm_pi0_0.01MeV_180_a	0.0	0.0	0.0
22nm_pi0_0.01MeV_180_b	0.0	0.0	0.0
22nm_pi0_0.01MeV_180_c	0.0	0.0	0.0
22nm_pi0_0.01MeV_45_a	0.0	0.0	0.0
22nm_pi0_0.01MeV_45_b	0.0	0.0	0.0
22nm_pi0_0.01MeV_45_c	0.0	0.0	0.0
22nm_pi0_0.01MeV_90_a	0.0	0.0	0.0
22nm_pi0_0.01MeV_90_b	0.0	0.0	0.0
22nm_pi0_0.01MeV_90_c	0.0	0.0	0.0
22nm_pi0_0.05MeV_0_a	0.0	0.00022869194444444444	0.00022869194444444444
22nm_pi0_0.05MeV_0_b	0.0	0.00022869194444444444	0.00022869194444444444
22nm_pi0_0.05MeV_0_c	0.0	0.0	0.0
22nm_pi0_0.05MeV_135_a	0.0	0.0	0.0
22nm_pi0_0.05MeV_135_b	0.0	0.0	0.0
22nm_pi0_0.05MeV_135_c	0.0	0.0	0.0
22nm_pi0_0.05MeV_180_a	0.0	0.0	0.0
22nm_pi0_0.05MeV_180_b	0.0	0.0	0.0
22nm_pi0_0.05MeV_180_c	0.0	0.0	0.0
22nm_pi0_0.05MeV_45_a	0.0	0.0	0.0
22nm_pi0_0.05MeV_45_b	0.0	0.0	0.0
22nm_pi0_0.05MeV_45_c	0.0	0.0	0.0
22nm_pi0_0.05MeV_90_a	0.0	0.0	0.0
22nm_pi0_0.05MeV_90_b	0.0	0.0	0.0
22nm_pi0_0.05MeV_90_c	0.0	0.0	0.0
22nm_pi-_0.01MeV_0_a	0.0931	252.37990223391438	252.47300223391437
22nm_pi0_0.1MeV_0_a	0.0	0.00022875666666666666	0.00022875666666666666
22nm_pi-_0.01MeV_0_b	0.0931	252.3799022339143	252.4730022339143
22nm_pi0_0.1MeV_0_b	0.0	0.00022875666666666666	0.00022875666666666666
22nm_pi-_0.01MeV_0_c	0.0211	44.72264479059735	44.74374479059735
22nm_pi0_0.1MeV_0_c	0.0	0.0	0.0
22nm_pi-_0.01MeV_135_a	0.6661	1387.5368876686978	1388.2029876686977
22nm_pi0_0.1MeV_135_a	0.0	0.0	0.0
22nm_pi-_0.01MeV_135_b	0.7761	1227.8466954663286	1228.6227954663286
22nm_pi0_0.1MeV_135_b	0.0	0.0	0.0
22nm_pi-_0.01MeV_135_c	0.0954	141.1116095281398	141.20700952813982
22nm_pi0_0.1MeV_135_c	0.0	0.0	0.0
22nm_pi-_0.01MeV_180_a	0.0005	0.30073829416666664	0.30123829416666664
22nm_pi0_0.1MeV_180_a	0.0	0.0	0.0
22nm_pi-_0.01MeV_180_b	0.0005	0.30073829416666664	0.30123829416666664
22nm_pi0_0.1MeV_180_b	0.0	0.0	0.0
22nm_pi-_0.01MeV_180_c	0.0001	0.13182999166666665	0.13192999166666664
22nm_pi0_0.1MeV_180_c	0.0	0.0	0.0
22nm_pi-_0.01MeV_45_a	0.392	1152.3399729538728	1152.7319729538729
22nm_pi0_0.1MeV_45_a	0.0	0.0	0.0
22nm_pi-_0.01MeV_45_b	0.1779	329.8752955057872	330.05319550578724
22nm_pi0_0.1MeV_45_b	0.0	0.0	0.0
22nm_pi-_0.01MeV_45_c	0.0027	5.909832139066942	5.912532139066942
22nm_pi0_0.1MeV_45_c	0.0	0.0	0.0
22nm_pi-_0.01MeV_90_a	0.4506	1111.877135765446	1112.3277357654458
22nm_pi0_0.1MeV_90_a	0.0	0.0	0.0
22nm_pi-_0.01MeV_90_b	0.4338	651.9631622055067	652.3969622055067
22nm_pi0_0.1MeV_90_b	0.0	0.0	0.0
22nm_pi-_0.01MeV_90_c	0.0019	1.7228805599750001	1.7247805599750001
22nm_pi0_0.1MeV_90_c	0.0	0.0	0.0
22nm_pi-_0.05MeV_0_a	0.0001	460.58653602110815	460.5866360211081
22nm_pi-_0.05MeV_0_b	0.0001	460.58653602110803	460.586636021108
22nm_pi-_0.05MeV_0_c	0.0	0.03342563888888889	0.03342563888888889
22nm_pi-_0.05MeV_135_a	0.0	545.6114921455526	545.6114921455526
22nm_pi-_0.05MeV_135_b	0.0001	193.45587527588955	193.45597527588956
22nm_pi-_0.05MeV_135_c	0.0	0.06741822222222223	0.06741822222222223
22nm_pi-_0.05MeV_180_a	0.006	14.91214123832856	14.91814123832856
22nm_pi-_0.05MeV_180_b	0.006	14.91214123832856	14.91814123832856
22nm_pi-_0.05MeV_180_c	0.0065	8.14892785958666	8.155427859586661
22nm_pi-_0.05MeV_45_a	0.0	574.6807996113895	574.6807996113895
22nm_pi-_0.05MeV_45_b	0.0	204.52902155916686	204.52902155916686
22nm_pi-_0.05MeV_45_c	0.0	0.0	0.0
22nm_pi-_0.05MeV_90_a	0.0	408.1980532694473	408.1980532694473
22nm_pi-_0.05MeV_90_b	0.0	136.7074335978891	136.7074335978891
22nm_pi-_0.05MeV_90_c	0.0	0.0	0.0
22nm_pi-_0.1MeV_0_a	0.1761	376.0457972769831	376.2218972769831
22nm_pi-_0.1MeV_0_b	0.1761	375.99300877698306	376.1691087769831
22nm_pi-_0.1MeV_0_c	0.0037	0.2662875904972222	0.2699875904972222
22nm_pi-_0.1MeV_135_a	0.1796	408.11626245669464	408.29586245669464
22nm_pi-_0.1MeV_135_b	0.1341	135.62773848608126	135.76183848608125
22nm_pi-_0.1MeV_135_c	0.0033	0.2257353181416666	0.2290353181416666
22nm_pi-_0.1MeV_180_a	0.0163	46.46705288356119	46.48335288356119
22nm_pi-_0.1MeV_180_b	0.0163	46.46705288356119	46.48335288356119
22nm_pi-_0.1MeV_180_c	0.0025	12.010937047861102	12.013437047861101
22nm_pi-_0.1MeV_45_a	0.1776	405.02130024597045	405.19890024597044
22nm_pi-_0.1MeV_45_b	0.1195	139.9573471969831	140.0768471969831
22nm_pi-_0.1MeV_45_c	0.0009	0.05020600446944444	0.05110600446944444
22nm_pi-_0.1MeV_90_a	0.1455	290.65413082351876	290.7996308235188
22nm_pi-_0.1MeV_90_b	0.1059	98.34006008420076	98.44596008420076
22nm_pi-_0.1MeV_90_c	0.0005	0.056829428888888894	0.057329428888888895
22nm_piplus_0.01MeV_0_a	0.0012	0.31036556903888884	0.3115655690388888
22nm_piplus_0.01MeV_0_b	0.0012	0.31036556903888884	0.3115655690388888
22nm_piplus_0.01MeV_0_c	0.0005	1.5406648409444441	1.541164840944444
22nm_piplus_0.01MeV_135_a	0.0029	260.6947231631724	260.6976231631724
22nm_piplus_0.01MeV_135_b	0.0029	32.61423639678847	32.61713639678847
22nm_piplus_0.01MeV_135_c	0.0003	6.4610748180277735	6.461374818027774
22nm_piplus_0.01MeV_180_a	0.0	0.0010356	0.0010356
22nm_piplus_0.01MeV_180_b	0.0	0.0010356	0.0010356
22nm_piplus_0.01MeV_180_c	0.0	0.0	0.0
22nm_piplus_0.01MeV_45_a	0.0007	506.6932206939938	506.6939206939938
22nm_piplus_0.01MeV_45_b	0.0023	0.5978029487166661	0.600102948716666
22nm_piplus_0.01MeV_45_c	0.0001	0.1534409645277778	0.1535409645277778
22nm_piplus_0.01MeV_90_a	0.0022	375.34241573493904	375.34461573493905
22nm_piplus_0.01MeV_90_b	0.0023	1.825030776605277	1.8273307766052769
22nm_piplus_0.01MeV_90_c	0.0	0.1346543879722222	0.1346543879722222
22nm_piplus_0.05MeV_0_a	0.0	816.4620427938892	816.4620427938892
22nm_piplus_0.05MeV_0_b	0.0	816.0790194605556	816.0790194605556
22nm_piplus_0.05MeV_0_c	0.0	0.16818767777777777	0.16818767777777777
22nm_piplus_0.05MeV_135_a	0.0	1235.392759372221	1235.392759372221
22nm_piplus_0.05MeV_135_b	0.0	396.6181613133331	396.6181613133331
22nm_piplus_0.05MeV_135_c	0.0	0.05151249999999999	0.05151249999999999
22nm_piplus_0.05MeV_180_a	0.0004	5.393555673297198	5.393955673297198
22nm_piplus_0.05MeV_180_b	0.0004	5.4447676177416415	5.4451676177416415
22nm_piplus_0.05MeV_180_c	0.0003	3.3779019156666665	3.3782019156666667
22nm_piplus_0.05MeV_45_a	0.0	1285.8945752749994	1285.8945752749994
22nm_piplus_0.05MeV_45_b	0.0	386.0344885041681	386.0344885041681
22nm_piplus_0.05MeV_45_c	0.0	0.0	0.0
22nm_piplus_0.05MeV_90_a	0.0	910.4693707499974	910.4693707499974
22nm_piplus_0.05MeV_90_b	0.0	271.96985657222217	271.96985657222217
22nm_piplus_0.05MeV_90_c	0.0	0.0	0.0
22nm_piplus_0.1MeV_0_a	0.0717	1094.4646847323797	1094.5363847323797
22nm_piplus_0.1MeV_0_b	0.0717	1094.5528155657132	1094.6245155657132
22nm_piplus_0.1MeV_0_c	0.0038	0.2379962104722222	0.2417962104722222
22nm_piplus_0.1MeV_135_a	0.1718	1177.6889123488627	1177.8607123488628
22nm_piplus_0.1MeV_135_b	0.1075	386.2793564108731	386.3868564108731
22nm_piplus_0.1MeV_135_c	0.0037	0.309558330188889	0.313258330188889
22nm_piplus_0.1MeV_180_a	0.0	129.8889380277778	129.8889380277778
22nm_piplus_0.1MeV_180_b	0.0	129.88893802777778	129.88893802777778
22nm_piplus_0.1MeV_180_c	0.0	35.927251876944474	35.927251876944474
22nm_piplus_0.1MeV_45_a	0.1765	1182.629946136583	1182.806446136583
22nm_piplus_0.1MeV_45_b	0.0494	398.44917561747155	398.49857561747154
22nm_piplus_0.1MeV_45_c	0.0007	0.05342410444444445	0.054124104444444446
22nm_piplus_0.1MeV_90_a	0.136	835.9170636954605	836.0530636954604
22nm_piplus_0.1MeV_90_b	0.0732	278.62188576881175	278.69508576881174
22nm_piplus_0.1MeV_90_c	0.0001	0.022808920277777773	0.022908920277777772
22nm_proton_0.01MeV_0_a	0.0	0.0	0.0
22nm_proton_0.01MeV_0_b	0.0	0.0	0.0
22nm_proton_0.01MeV_0_c	0.0	4.413824817416667	4.413824817416667
22nm_proton_0.01MeV_135_a	0.0	235.98027317367783	235.98027317367783
22nm_proton_0.01MeV_135_b	0.0	13.87310608827779	13.87310608827779
22nm_proton_0.01MeV_135_c	0.0	12.530204145222221	12.530204145222221
22nm_proton_0.01MeV_180_a	0.0	0.0	0.0
22nm_proton_0.01MeV_180_b	0.0	0.0	0.0
22nm_proton_0.01MeV_180_c	0.0	0.0	0.0
22nm_proton_0.01MeV_45_a	0.0	342.6786483574732	342.6786483574732
22nm_proton_0.01MeV_45_b	0.0	0.0	0.0
22nm_proton_0.01MeV_45_c	0.0	0.19033105555555555	0.19033105555555555
22nm_proton_0.01MeV_90_a	0.0	372.484390769876	372.484390769876
22nm_proton_0.01MeV_90_b	0.0	0.0	0.0
22nm_proton_0.01MeV_90_c	0.0	0.24801063888888888	0.24801063888888888
22nm_proton_0.05MeV_0_a	0.0	675.495361470663	675.495361470663
22nm_proton_0.05MeV_0_b	0.0	675.4953614706628	675.4953614706628
22nm_proton_0.05MeV_0_c	0.0	0.14156027777777777	0.14156027777777777
22nm_proton_0.05MeV_135_a	0.0	1228.0249990295042	1228.0249990295042
22nm_proton_0.05MeV_135_b	0.0	417.9450457722229	417.9450457722229
22nm_proton_0.05MeV_135_c	0.0	0.2602454444444445	0.2602454444444445
22nm_proton_0.05MeV_180_a	0.0	1.6873494488888892	1.6873494488888892
22nm_proton_0.05MeV_180_b	0.0	1.687349448888889	1.687349448888889
22nm_proton_0.05MeV_180_c	0.0	2.019091695277778	2.019091695277778
22nm_proton_0.05MeV_45_a	0.0	1285.6615419722261	1285.6615419722261
22nm_proton_0.05MeV_45_b	0.0	393.19328619472395	393.19328619472395
22nm_proton_0.05MeV_45_c	0.0	0.12778805555555559	0.12778805555555559
22nm_proton_0.05MeV_90_a	0.0	906.1333283055542	906.1333283055542
22nm_proton_0.05MeV_90_b	0.0	285.263291204722	285.263291204722
22nm_proton_0.05MeV_90_c	0.0	0.0	0.0
22nm_proton_0.1MeV_0_a	0.0	1106.5490587215309	1106.5490587215309
22nm_proton_0.1MeV_0_b	0.0	1106.4188487215313	1106.4188487215313
22nm_proton_0.1MeV_0_c	0.0	0.05789388888888889	0.05789388888888889
22nm_proton_0.1MeV_135_a	0.0	1218.5179733333312	1218.5179733333312
22nm_proton_0.1MeV_135_b	0.0	386.81775703333295	386.81775703333295
22nm_proton_0.1MeV_135_c	0.0	0.0	0.0
22nm_proton_0.1MeV_180_a	0.0	143.43417921243886	143.43417921243886
22nm_proton_0.1MeV_180_b	0.0	143.43417921243886	143.43417921243886
22nm_proton_0.1MeV_180_c	0.0	46.38353300940555	46.38353300940555
22nm_proton_0.1MeV_45_a	0.0	1216.3050940501582	1216.3050940501582
22nm_proton_0.1MeV_45_b	0.0	400.06688208247397	400.06688208247397
22nm_proton_0.1MeV_45_c	0.0	0.0	0.0
22nm_proton_0.1MeV_90_a	0.0	860.3551038055572	860.3551038055572
22nm_proton_0.1MeV_90_b	0.0	275.3318987222225	275.3318987222225
22nm_proton_0.1MeV_90_c	0.0	0.0	0.0
